# X, Y, direction, dir power, aep, fcalls
2.103868657116965153e+02 -8.040780102211611435e+00
8.169934797962122275e+02 -1.503172546227363853e+02
-1.156833351425811429e+02 1.314171005336243525e+03
-6.461401069378313196e+02 5.465968683213488930e+02
-5.049408038754100971e+02 -5.243336931427650143e+02
4.795273835539179572e+02 -1.301692933213586002e+03
1.797984788871816136e+03 6.989232223834403612e+02
1.897473412364792011e+03 1.139296135732318817e+03
7.040446285219841229e+02 8.613265952561170025e+02
1.611554216739421861e+02 1.733422071554704189e+03
-1.015810858147390149e+03 1.082896048607432704e+03
-1.735761989493712008e+03 1.504987282076495376e+03
-1.207512813969999343e+03 -3.776116056373289211e+02
-1.699436387719453478e+03 -1.181647313347593581e+03
-7.967624145835851550e+02 -1.016080634563179615e+03
-1.206650031210216554e+02 -2.205588585327123383e+03
1.219783769927129697e+03 -7.731151180472966189e+02
1.798635329232163258e+03 -3.702147114023451877e+02
1.878690077112465133e+03 1.478090849914690068e+02
2.842286799820550641e+03 9.598988215254001943e+02
2.118056854556096823e+03 2.124578819641185419e+03
1.173141018346487272e+03 1.540429831972894590e+03
5.085673607233038638e+02 2.332598497536501782e+03
-3.000287603013562148e+02 2.469530928051393403e+03
-1.152407618525766111e+03 1.898745433395370810e+03
-2.461970551949012588e+03 1.674413800109371778e+03
-1.898031272718493028e+03 6.919327893710448052e+02
-2.006266710814423504e+03 2.504383111620832096e+02
-2.095162820972971531e+03 -6.468785664716735937e+02
-2.260071817000584815e+03 -1.972834352397502471e+03
-9.090191338315014491e+02 -1.695049632441859330e+03
-3.758792321240164256e+02 -2.481342150244667209e+03
8.733915036043254077e+02 -2.870050048593539032e+03
1.090591983210825447e+03 -1.441934305094957608e+03
1.408682212635666701e+03 -1.905320035606912825e+03
1.913530572408921444e+03 -9.126528135883816049e+02
2.994959006245903311e+03 -1.738405905033469594e+02
2.941953380892499354e+03 3.866005608526645574e+02
2.702147578121205697e+03 1.303226176092896367e+03
2.363263699208041089e+03 1.847967718334258734e+03
1.514155018574221458e+03 2.587199535077307246e+03
1.028211957982295871e+03 2.726251801101909223e+03
3.967640438736050896e+02 2.874716717853279079e+03
4.998425732325789284e+01 2.999583566767200864e+03
-1.310793828420759155e+03 2.698484674659844586e+03
-1.876518674423338553e+03 2.333927916053331046e+03
-2.153763049176087407e+03 2.088373704106552850e+03
-2.710773599432092396e+03 1.285187337558994614e+03
-2.873645113533542826e+03 8.614892695006647045e+02
-2.963119964338806767e+03 4.689563699714399263e+02
-2.999799499067923989e+03 3.468379148582772586e+01
-2.899564121415092359e+03 -4.923110371322517267e+02
-2.885503571804835701e+03 -8.208953265194884352e+02
-2.654111717285227314e+03 -1.398460221875925072e+03
-1.874417896239972151e+03 -2.342340186705449014e+03
-1.445018923999895378e+03 -2.629053120285359910e+03
-6.696981771311036482e+02 -2.818207497309514565e+03
9.253718595869861119e+00 -2.999985728081409889e+03
1.283834861870789155e+03 -2.631576644802510600e+03
1.707513726642633856e+03 -2.357036106842145728e+03
2.139101623486916196e+03 -2.058722637490713623e+03
2.447556999264931619e+03 -1.666621444203642341e+03
2.790931839589660740e+03 -1.100317893503815185e+03
2.916307061334721766e+03 -6.234505456295063368e+02
