# X, Y, direction, dir power, aep, fcalls
-1.434708915225738224e+02 4.272766551303645883e+02
4.711620446070318735e+02 -4.679835689495929785e+01
5.957878294915788047e+02 5.688740367626445504e+02
-1.002910657523228224e+03 6.676475014611727374e+02
-1.243691404134472350e+03 -3.784596296610844774e+02
1.304320279513189291e+02 -6.979975262558357372e+02
1.188888006141041615e+03 -5.258757541986886963e+02
1.294397680099566969e+03 1.205597186165273627e+02
7.135985145038321207e+02 1.086635707170662499e+03
-3.046857742497729760e+02 1.263790559772446841e+03
-8.848727073306113198e+02 8.993089836186675257e+02
-1.120979184265091590e+03 2.309636240119360764e+02
-8.506487605976376472e+02 -9.525564640011957636e+02
-4.244133211547431870e+02 -1.099202474609998490e+03
2.429659262289476942e+02 -1.277093402493287385e+03
9.859747690339202109e+02 -8.378164298611235381e+02
