# X, Y, direction, dir power, aep, fcalls
-2.667093028736539964e+02 4.585773443063433774e+02
9.354005016760241915e+02 3.270431133261951686e+02
4.519761786842781817e+02 1.045244997739980136e+03
-7.733754396191668548e+02 7.983730153028530196e+01
-5.946206022466208196e+02 -7.473957069769675172e+02
-3.574899603459996200e+01 -8.818944674123703180e+02
1.529339058794450921e+03 1.911554157924645665e+02
1.926307023129996651e+03 5.379045014128359981e+02
1.684213478552883089e+03 8.932793220547573583e+02
6.956405654220926635e+02 1.414106025397677058e+03
2.072511758503067938e+02 7.695429825097954790e+02
-9.141568278944383792e+02 8.882954755894664913e+02
-1.244805168278758174e+03 -2.398336823646258154e+02
-1.959300958412786485e+03 -4.014221647626609411e+02
-1.717694058327296261e+03 -1.024464309767375198e+03
-1.422512473493868015e+02 -1.392733250347580451e+03
3.803468343897219484e+02 -5.917089438694097225e+02
8.187681257792880842e+02 -2.834161223442948767e+02
1.950709915986718670e+03 -4.412831558887218648e+02
1.997064043145653841e+03 -1.083291630851708902e+02
1.591688767798463459e+03 1.211002422154595706e+03
1.181935298999342422e+03 1.537759324419138011e+03
6.169342237066839516e+02 1.877960062647769973e+03
-1.053370446179923903e+02 1.997224100353096446e+03
-1.021536252672645787e+03 1.719437025446275811e+03
-1.550403818340365660e+03 1.263427085381529423e+03
-1.828405151438866142e+03 6.878117231012979573e+02
-1.963376839534315877e+03 2.437494966997523420e+02
-1.971045299360420586e+03 -7.350266306171421604e+01
-1.478049448540190497e+03 -1.250322623342707175e+03
-1.038035252932957746e+03 -1.534319986091219789e+03
-2.920846056549312948e+02 -1.978556691919506648e+03
5.358331383042520883e+02 -1.802937432134056280e+03
1.097648115207746514e+03 -1.671875777437093802e+03
1.387763928453527342e+03 -1.189610870167590974e+03
1.800159109331417085e+03 -8.714511926041151355e+02
