# X, Y, direction, dir power, aep, fcalls
-1.412212164272532959e+02 4.280431845710603511e+02
4.732596061706860269e+02 -4.578235030785942428e+01
5.975678523688945916e+02 5.693144599540248691e+02
-1.000982927306890247e+03 6.682771622578794677e+02
-1.243371994426230913e+03 -3.795077046683026083e+02
1.334917521859255771e+02 -6.975137926162059330e+02
1.189427388849770068e+03 -5.246546379091125800e+02
1.294316437489517739e+03 1.214292954635403561e+02
7.143839108298874407e+02 1.086119533178081610e+03
-3.025696260040375023e+02 1.264298868532014922e+03
-8.823881387432304564e+02 8.996547234360197081e+02
-1.119403736460325263e+03 2.319988028714998620e+02
-8.517437599276084939e+02 -9.527893209715609828e+02
-4.198730345694781931e+02 -1.098230952668239524e+03
2.459188776065111028e+02 -1.276528102022511803e+03
9.903278546259166433e+02 -8.379708267329565388e+02
